0,345
0,344
0,343
0,342
0,341
0,340
12,3
5,3
0,339
21,3
0,338
15,3
0,336
0,335
25,3
25,2
0,307
0,308
0,9
0,334
25,1
25,0
0,7
0,333
0,300
0,299
0,298
0,297
0,296
0,295
0,294
0,293
0,292
0,291
0,290
0,289
0,288
0,287
0,286
0,285
0,284
0,283
0,282
0,281
0,280
0,279
0,278
0,277
0,276
0,275
0,274
0,273
0,272
0,271
0,270
0,269
0,268
0,267
0,266
0,265
0,264
0,263
0,262
0,261
0,260
0,259
0,258
0,257
0,256
0,255
0,254
0,253
0,252
0,251
0,250
0,249
0,248
0,247
0,246
0,245
0,244
0,242
0,241
0,369
0,240
0,239
0,379
0,238
0,378
0,237
0,377
0,236
0,235
0,234
0,233
0,232
0,231
0,230
0,229
0,228
0,227
0,226
0,225
0,224
0,223
0,222
0,221
0,220
0,219
0,218
0,217
0,216
0,215
0,214
0,213
0,212
0,211
0,210
0,209
0,208
0,207
0,206
0,205
0,204
0,203
0,202
0,201
0,200
0,199
0,198
0,197
0,196
0,195
0,330
0,193
0,192
0,63
0,62
0,61
0,60
0,59
0,58
0,57
0,56
0,55
0,54
0,53
0,52
0,51
0,50
0,49
0,48
0,47
0,46
0,45
0,6
2,3
1,3
0,304
0,303
24,3
0,12
0,1
0,11
0,10
24,0
0,8
19,3
17,3
6,4
0,194
0,331
16,3
9,3
10,3
15,0
16,0
5,0
19,0
20,3
20,0
21,0
22,0
23,1
23,3
23,0
18,0
17,0
6,3
6,0
8,1
8,3
8,0
13,1
13,3
13,0
14,1
14,3
14,0
4,1
4,3
4,0
24,2
24,1
22,1
22,3
21,1
20,4
20,1
19,1
18,1
18,3
17,1
16,1
16,2
15,1
12,1
12,0
11,3
11,1
11,0
10,1
10,0
7,4
7,3
7,1
7,0
6,1
1,0
5,1
9,1
9,0
1,1
0,322
2,1
2,0
